---
images/banner-large.jpg: 2015-09-28 16:53:05.000000000 +08:00
images/banner-med.jpg: 2015-09-28 16:53:05.000000000 +08:00
images/banner-small.jpg: 2015-09-28 16:53:05.000000000 +08:00
images/banner-xl.jpg: 2015-09-28 16:53:06.000000000 +08:00
images/banner-xl2.jpg: 2015-09-28 16:53:06.000000000 +08:00
images/banner.jpg: 2015-09-28 16:47:22.000000000 +08:00
