---
images/banner-large.jpg: 2015-09-29 02:44:58.000000000 +08:00
images/banner-med.jpg: 2015-09-29 02:44:58.000000000 +08:00
images/banner-small.jpg: 2015-09-29 02:44:58.000000000 +08:00
images/banner-xl.jpg: 2015-09-29 02:44:58.000000000 +08:00
images/banner-xl2.jpg: 2015-09-29 02:44:58.000000000 +08:00
images/banner.jpg: 2015-09-29 02:44:58.000000000 +08:00
